-4.015119920629466911e-03
4.996662207058539806e-01
9.661411425704844458e-01
1.361329687527606414e+00
1.657122525498887722e+00
1.833686915392889194e+00
1.881028802829087798e+00
1.799674764837235763e+00
1.600419413169800631e+00
1.303170547431627968e+00
9.350076094816845984e-01
5.276409749480619471e-01
1.145135590724010582e-01
-2.721829215692783688e-01
-6.042997262032181460e-01
-8.600748851652224580e-01
-1.025818369142356579e+00
-1.096793007345837179e+00
-1.077223880547923285e+00
-9.794530328988176882e-01
-8.223381409093342143e-01
-6.290654095111876121e-01
-4.246015972061242261e-01
-2.330425259308814556e-01
-7.512267917096836223e-02
3.386805434705141005e-02
8.555687175318332782e-02
7.920828531049395327e-02
2.162630079278561948e-02
-7.374535657916278519e-02
-1.884287948283571434e-01
-3.010566571887184351e-01
-3.898353773131773559e-01
-4.350741808750416828e-01
-4.215197278902613198e-01
-3.402546430313214687e-01
-1.899604368077246197e-01
2.259259189248450511e-02
2.828899627453551613e-01
5.698312253516112369e-01
8.575999950555536211e-01
1.118072551047061047e+00
1.323536630373209455e+00
1.449458749058009532e+00
1.477030217205886675e+00
1.395239911934445631e+00
1.202264246134907788e+00
9.060276776706238655e-01
5.238646110128417632e-01
8.129829780795082284e-02
-3.899637289447650534e-01
-8.546430714395710782e-01
-1.276879084944653187e+00
-1.623321749735110231e+00
-1.866045918057480657e+00
-1.985018713205280338e+00
-1.969891794506590132e+00
-1.820951704715437769e+00
-1.549138814605921954e+00
-1.175131195868303724e+00
-7.275759955200500340e-01
-2.406294169960759843e-01
2.489701698228845295e-01
7.050291333046101450e-01
1.094941355728308530e+00
1.392372078177133599e+00
1.579343037411884199e+00
1.647536440644280953e+00
1.598709450914591823e+00
1.444194706898892289e+00
1.203547990821102642e+00
9.024833586017499965e-01
5.703013633069625721e-01
2.370612910681735019e-01
-6.923062377844498017e-02
-3.251501098741118034e-01
-5.138645662900744870e-01
-6.264402237355061187e-01
-6.623336173359107848e-01
-6.290347951876797961e-01
-5.409127975544262279e-01
-4.173915537720884195e-01
-2.806489683998987794e-01
-1.530773893336088431e-01
-5.476552359298140354e-02
-1.258133428374648075e-03
-1.820931215412544598e-03
-5.838686067384134259e-02
-1.652914295935141442e-01
-3.098256452604737921e-01
-4.735531245740193795e-01
-6.342611127749308020e-01
-7.683509602493349133e-01
-8.534283682838300633e-01
-8.708318848939887724e-01
-8.078419115336294976e-01
-6.593415934862603134e-01
-4.287526793608535391e-01
-1.281388217650805128e-01
2.225507983141729040e-01
5.970409427152754134e-01
9.649573951522990578e-01
1.294519689087128000e+00
1.555449963788361423e+00
1.721824454287274264e+00
1.774596164436243129e+00
1.703545274815744914e+00
1.508465253494271296e+00
1.199462673643069577e+00
7.963308095242820350e-01
3.270434258086419299e-01
-1.745023890506500752e-01
-6.712947969794161862e-01
-1.126315413091910855e+00
-1.505666579322312293e+00
-1.781434586070901549e+00
-1.934029643438974544e+00
-1.953791578176487631e+00
-1.841718115985167659e+00
-1.609253790579738164e+00
-1.277164331648522833e+00
-8.736056268236185307e-01
-4.315700848939584833e-01
1.405048410530095743e-02
4.295127747586809930e-01
7.851002001719186163e-01
1.057569588977330000e+00
1.231947743030165521e+00
1.302522768610000270e+00
1.272952819878329977e+00
1.155499333948287743e+00
9.694749001323976767e-01
7.390696596745525149e-01
4.907775640002328688e-01
2.506795064963542319e-01
4.185096891711945211e-02
-1.178535069760837800e-01
-2.174263932148701728e-01
-2.535912498183582886e-01
-2.308668361744363462e-01
-1.608150849144956429e-01
-6.055778735979804733e-02
4.928078354369966330e-02
1.469913893689209772e-01
2.123080441577712418e-01
2.287866123808624530e-01
1.857882647024341749e-01
7.986131540538816964e-02
-8.462553360628101429e-02
-2.956713409510099422e-01
-5.346436237190496099e-01
-7.780016030458846155e-01
-9.995792309008267873e-01
-1.173207981504027497e+00
-1.275423288694545354e+00
-1.287987160028059463e+00
-1.199974120967389313e+00
-1.009206955458216148e+00
-7.228890435913171153e-01
-3.573557458955860522e-01
6.304895384369284261e-02
5.078804656881664714e-01
9.431202565843337382e-01
1.334094461272852028e+00
1.648518182529119525e+00
1.859384658863545647e+00
1.947430408721092743e+00
1.902944858406972362e+00
1.726752369233764739e+00
1.430270436789778499e+00
1.034633005073986922e+00
5.689542871716688488e-01
6.788804737951903423e-02
-4.312975407686494012e-01
-8.918647447942985584e-01
-1.280686277414460505e+00
-1.570982677938287164e+00
-1.744472016301410910e+00
-1.792742397716724723e+00
-1.717730795070516958e+00
-1.531275353809445905e+00
-1.253794562252254163e+00
-9.122273895387790210e-01
-5.374360423314918922e-01
-1.613210328280866024e-01
1.860776844446134781e-01
4.792218290752481291e-01
6.992143746588719289e-01
8.352446975887389824e-01
8.852153087530960640e-01
8.555064016578339814e-01
7.599182167341442806e-01
6.179104560296841964e-01
4.523250690697528942e-01
2.868272470987571210e-01
1.433247962157923605e-01
3.962584741265742089e-02
-1.243078523060895182e-02
-8.186796467260440066e-03
4.940207774255810785e-02
1.501512478410659268e-01
2.778101712735098761e-01
4.118839875183829546e-01
5.299286479116712689e-01
6.100862293738131825e-01
6.336019571953689367e-01
5.870647042244024894e-01
4.641384191971149598e-01
2.666006349058277491e-01
4.571250886437781477e-03
-3.041062795589245527e-01
-6.352860249652610980e-01
-9.606181674389815406e-01
-1.250132456901293043e+00
-1.475064104455389602e+00
-1.610652963769894308e+00
-1.638645866279945240e+00
-1.549256973231868617e+00
-1.342389725678990064e+00
-1.027991869107855338e+00
-6.254957058619411425e-01
-1.623815451698000234e-01
3.280148784597302081e-01
8.092583539504188961e-01
1.244886730526749030e+00
1.601522123142400611e+00
1.851737718311991188e+00
1.976418507026310722e+00
1.966400238846869541e+00
1.823237124115108410e+00
1.559029075135435427e+00
1.195326004014627186e+00
7.612117033727801019e-01
2.907451115501953898e-01
-1.800047789121318464e-01
-6.160579529597588477e-01
-9.864734262248433527e-01
-1.266883468647635791e+00
-1.441386172347535188e+00
-1.503632538757691872e+00
-1.457021271384793648e+00
-1.313999104042108623e+00
-1.094548687540977117e+00
-8.240217875908372180e-01
-5.305356357039141546e-01
-2.421890666638202017e-01
1.563102681335884481e-02
2.225945872768031741e-01
3.652032762379182618e-01
4.378320621354744868e-01
4.429476845990128475e-01
3.904958408527831049e-01
2.965308857147831989e-01
1.812361045851209329e-01
6.654202006763405841e-02
-2.641100885115144070e-02
-7.970517254423116482e-02
-8.072309870332512738e-02
-2.365757823721156491e-02
8.970364671547796653e-02
2.500024028578410884e-01
4.411474218818399740e-01
6.418865682622547642e-01
8.279619820309785938e-01
9.746367339526226248e-01
1.059342631977424398e+00
1.064184196628909618e+00
9.780450614130634657e-01
7.980791762601945338e-01
5.304268124046090938e-01
1.900690136145518627e-01
-2.001832255617695400e-01
-6.114850762673568196e-01
-1.011382606193861777e+00
-1.366647151193093324e+00
-1.646258525137941797e+00
-1.824259015024622954e+00
-1.882209209677176753e+00
-1.811011421834085144e+00
-1.611923593662726750e+00
-1.296660784896214169e+00
-8.865656488043482941e-01
-4.109157444101764201e-01
9.548406506847188779e-02
5.952091354486402919e-01
1.051360741468217341e+00
1.430665881971046494e+00
1.706251340399021155e+00
1.859842521909137680e+00
1.883191230906642089e+00
1.778608381413163020e+00
1.558560841659806240e+00
1.244378326549216096e+00
8.641982703791621923e-01
4.503462024847001977e-01
3.639977383880945577e-02
-3.457884731266871459e-01
-6.688336854458912795e-01
-9.120759946429566334e-01
-1.063150707433063280e+00
-1.118737166904516744e+00
-1.084431875491071562e+00
-9.737758124536292081e-01
-8.065466401175693800e-01
-6.064959416607335063e-01
-3.987631487425243870e-01
-2.072265260938228326e-01
-5.205482003424172915e-02
5.229925049868260067e-02
9.846829995802537649e-02
8.677169411015779599e-02
2.499558095307576056e-02
-7.261981276662775320e-02
-1.870778652680041010e-01
-2.968321285484758487e-01
-3.802747682078910230e-01
-4.182513321141836937e-01
-3.963429648035682318e-01
-3.066793837395567213e-01
-1.490915475805329737e-01
6.852242462717046678e-02
3.306671325195353894e-01
6.155219672689454802e-01
8.969018866463736028e-01
1.146724061342083933e+00
1.337745552706654628e+00
1.446307632087361128e+00
1.454818237368977085e+00
1.353725916578697008e+00
1.142784465062399724e+00
8.314730390072525568e-01
4.385156310965625526e-01
-9.471088919138483109e-03
-4.800895498455973187e-01
-9.378476772556678664e-01
-1.347178992584689539e+00
-1.675522007649554501e+00
-1.896176740768824143e+00
-1.990674955914740529e+00
-1.950444347825189828e+00
-1.777611299472159345e+00
-1.484865977684513672e+00
-1.094399955016975623e+00
-6.360121006054956228e-01
-1.445550980791954765e-01
3.430445992220426676e-01
7.909219644125786708e-01
1.167279194199928094e+00
1.446991070432808391e+00
1.613577675906187725e+00
1.660372651862576987e+00
1.590791370615868727e+00
1.417688101266647127e+00
1.161876408593826460e+00
8.499645635505383989e-01
5.117203284353812887e-01
1.772212311553794939e-01
-1.259365091079091559e-01
-3.751063928571635175e-01
-5.545077060939027636e-01
-6.564156410537123065e-01
-6.815242015861956437e-01
-6.384621539677257651e-01
-5.425251076894808122e-01
-4.137629184374680968e-01
-2.746236591194681775e-01
-1.473974427263231024e-01
-5.172138995494152819e-02
-2.399334597117481691e-03
-7.757262565206457169e-03
-6.870120926031335340e-02
-1.785737162266519407e-01
-3.238248762561842242e-01
-4.854322964453458011e-01
-6.409289610690573902e-01
-7.668363489506045960e-01
-8.412582976980410576e-01
-8.463731450116540600e-01
-7.705694398429080438e-01
-6.100033383518567165e-01
-3.694105871000961105e-01
-6.207752004604510238e-02
2.910431058812070204e-01
6.630021775586503185e-01
1.023163525646954453e+00
1.339941909816426913e+00
1.583715024115768255e+00
1.729634853746856216e+00
1.760069875484644220e+00
1.666441467814527178e+00
1.450272566759097437e+00
1.123338961704891892e+00
7.068968584235794106e-01
2.300465723724109679e-01
-2.726267242449355033e-01
-7.639260978634115906e-01
-1.207171881730925156e+00
-1.569303958723520243e+00
-1.823676274426055732e+00
-1.952290509836578813e+00
-1.947267477546576364e+00
-1.811425253183729822e+00
-1.557915663386191918e+00
-1.208957720070357400e+00
-7.937897087680310104e-01
-3.460330721872428850e-01
9.928573389701514373e-02
5.087795497682843227e-01
8.535315114848774920e-01
1.111455966198817258e+00
1.268979271816559562e+00
1.321896687516625590e+00
1.275340899092289870e+00
1.142882536773932811e+00
9.448652124723014856e-01
7.061492889110040361e-01
4.534929871657051859e-01
2.128314159889634072e-01
6.720710348577600343e-03
-1.478048086140156259e-01
-2.407577082440097993e-01
-2.699627880492144194e-01
-2.409969522216032500e-01
-1.663200970660569378e-01
-6.369371663095772795e-02
4.594566194177799462e-02
1.409373403455682905e-01
2.014188366951205345e-01
2.116600831331474364e-01
1.619683979047338851e-01
4.996568338877149101e-02
-1.188985328362572591e-01
-3.316587942163933267e-01
-5.689486613742280596e-01
-8.068170791229530847e-01
-1.019073558408911451e+00
-1.179935284555304609e+00
-1.266716824129728636e+00
-1.262295758057912165e+00
-1.157106152810248867e+00
-9.504546277357542872e-01
-6.510168719411466576e-01
-2.764498305416507318e-01
1.478609547834371096e-01
5.908162637733183065e-01
1.018203825768564830e+00
1.395650418716217755e+00
1.691655373455810185e+00
1.880424977666559139e+00
1.944243326365479918e+00
1.875156292392628599e+00
1.675807678561032965e+00
1.359344417391584070e+00
9.483935808327674799e-01
4.731998462906906178e-01
-3.091017698695213214e-02
-5.265080747140190587e-01
-9.772185978628298297e-01
-1.350764160496655153e+00
-1.621624524192823324e+00
-1.773073916431871844e+00
-1.798416534773051412e+00
-1.701316617811349019e+00
-1.495203867045932000e+00
-1.201820954130766728e+00
-8.490590093091633372e-01
-4.682918897021973170e-01
-9.146457947493760732e-02
2.517888559216774347e-01
5.367285375487068633e-01
7.455557769755393194e-01
8.687404408621510754e-01
9.055164853733989050e-01
8.635148140989906684e-01
7.575862514326500152e-01
6.079452962402071003e-01
4.378299499365287395e-01
2.709181194424698513e-01
1.287625904063170734e-01
2.850236140066833568e-02
-1.892127444153181987e-02
-9.867181374405127603e-03
5.169250803651204845e-02
1.546772195723058740e-01
2.821673340361372517e-01
4.133081391950474970e-01
5.256544770348204887e-01
5.977174268626128661e-01
6.114530095721441016e-01
5.544371149481484018e-01
4.215002913389465089e-01
2.156478976407481263e-01
-5.183957590141815425e-02
-3.621511381647478656e-01
-6.904768977197570656e-01
-1.008190577339516558e+00
-1.285481430842702943e+00
-1.494187614594078450e+00
-1.610560236844289950e+00
-1.617690415765675294e+00
-1.507360564629869115e+00
-1.281133155818286351e+00
-9.505605299012791498e-01
-5.364812790240580664e-01
-6.745457582532818352e-02
4.225346243440025740e-01
8.968970879519431172e-01
1.319534315684666392e+00
1.657926679833121586e+00
1.885933360438148298e+00
1.986048205679786127e+00
1.950905134523569284e+00
1.783895592435553734e+00
1.498842378152866139e+00
1.118761167131513190e+00
6.738250581784193116e-01
1.987205452272204076e-01
-2.703614097729345467e-01
-6.988232333411614761e-01
-1.056565233801199488e+00
-1.320434605068155465e+00
-1.476001470555692974e+00
-1.518509320365767357e+00
-1.452925956164563326e+00
-1.293106218444736388e+00
-1.060161205082402969e+00
-7.802024643671298110e-01
-4.816867758325955040e-01
-1.926222500638100077e-01
6.209365743222967915e-02
2.629498224068927414e-01
3.974969890693467178e-01
4.612702419944565424e-01
4.578807492911818877e-01
3.982813955404491124e-01
2.992922268097334415e-01
1.815440736150288892e-01
6.705529361911009845e-02
-2.330817403368267912e-02
-7.222871057443741583e-02
-6.794329820844000056e-02
-5.653944509423938086e-03
1.118043068911010463e-01
2.741101501353201408e-01
4.644084860136614146e-01
6.609787091532418613e-01
8.394567125922846040e-01
9.753919184974383372e-01
1.046885254966619438e+00
1.037043336258560045e+00
9.359993058824166434e-01
7.422905071742080807e-01
4.634436193986795627e-01
1.156933862243704342e-01
-2.771556531349007590e-01
-6.856319385350575502e-01
-1.077096803907257483e+00
-1.418614745439904512e+00
-1.679929071895079007e+00
-1.836264789385765761e+00
-1.870693789953598252e+00
-1.775835889753773156e+00
-1.554729447238289985e+00
-1.220781551076028482e+00
-7.967929211613529183e-01
-3.131386697913266515e-01
1.947352170927175163e-01
6.892758580273444791e-01
1.133980953598302088e+00
1.496464583072059096e+00
1.751154572502221729e+00
1.881378978214494513e+00
1.880656131830699351e+00
1.753076814698351527e+00
1.512751450583587065e+00
1.182381746651915089e+00
7.910967971678344313e-01
3.717606967305863708e-01
-4.199410007682563561e-02
-4.187304754632712456e-01
-7.318935432005213571e-01
-9.619760785313730134e-01
-1.097969966457204904e+00
-1.137981160867421071e+00
-1.088966742273771215e+00
-9.656370292341793782e-01
-7.886452378574919653e-01
-5.822542864337340029e-01
-3.717186200851619327e-01
-1.806438266404205018e-01
-2.858603855256457507e-02
7.087314299666297446e-02
1.113895576078899330e-01
9.433766144832990419e-02
2.846888675099902566e-02
-7.121167377996714953e-02
-1.852311733657499015e-01
-2.919123572259126886e-01
-3.698814448289903245e-01
-4.005628659937764402e-01
-3.704037931201338285e-01
-2.725974053209930803e-01
-1.081226859381353295e-01
1.140144262988522506e-01
3.773750279891600612e-01
6.594701608647014490e-01
9.338077051355674341e-01
1.172411286061203706e+00
1.348570430970003509e+00
1.439555484894979420e+00
1.429030737101556703e+00
1.308924970439891311e+00
1.080567876561415730e+00
7.549688718270637366e-01
3.521953616568953560e-01
-1.001072190952976698e-01
-5.689293527389783778e-01
-1.018650437796528196e+00
-1.414083214375842612e+00
-1.723532398248055930e+00
-1.921586718794592974e+00
-1.991386405870924081e+00
-1.926155374086631511e+00
-1.729854505680897159e+00
-1.416893227543112310e+00
-1.010923403024763800e+00
-5.428242252346279217e-01
-4.806131707424632360e-02
4.363394116672129619e-01
8.749278227067386338e-01
1.236791236060305055e+00
1.498075112389113839e+00
1.643838635514207391e+00
1.669084430178648271e+00
1.578879716639487896e+00
1.387571562859537311e+00
1.117183429481330759e+00
7.951558967792569099e-01
4.516541678767679868e-01
1.167030585834831491e-01
-1.825768082503540501e-01
-4.243710936490694974e-01
-5.939896247564603327e-01
-6.849366198632351743e-01
-6.991440977698430981e-01
-6.463616182246870734e-01
-5.427778433251914114e-01
-4.090238348060941664e-01
-2.677673396204175438e-01
-1.411458723158064144e-01
-4.830050555886043068e-02
-3.260631036639299613e-03
-1.339374874180145232e-02
-7.857715779211557616e-02
-1.911758615423230223e-01
-3.368301570410400791e-01
-4.959751494212274459e-01
-6.459407504002696587e-01
-7.634217938320921881e-01
-8.270695126801268504e-01
-8.199415687512455753e-01
-7.315595533994051491e-01
-5.593593325699549590e-01
-3.093773434224590946e-01
3.910556177252526820e-03
3.585988885826203454e-01
7.271292357556276009e-01
1.078676292967926109e+00
1.381924655458921958e+00
1.607977126732070383e+00
1.733119349738768689e+00
1.741175825497208063e+00
1.625228053415671559e+00
1.388523322340651678e+00
1.044477191852569042e+00
6.157569060019476570e-01
1.325189075056288079e-01
-3.700468848290802137e-01
-8.546478697106763001e-01
-1.285031195447541519e+00
-1.629053697893867447e+00
-1.861401080103767924e+00
-1.965709986814148102e+00
-1.935901599901951764e+00
-1.776608227718350808e+00
-1.502658204240636675e+00
-1.137671335792048932e+00
-7.118989306913161563e-01
-2.595114137499734408e-01
1.844138139089420703e-01
5.869258898707686578e-01
9.199775666833226451e-01
1.162694728914581477e+00
1.302937406355069605e+00
1.338020124062641258e+00
1.274540193116869835e+00
1.127347533941291724e+00
9.177707066906366506e-01
6.712832722162807020e-01
4.148458355800707653e-01
1.741873153406343633e-01
-2.870845228676244254e-02
-1.776678408048305013e-01
-2.637479135680034781e-01
-2.858812039939511718e-01
-2.506914343223540786e-01
-1.715092833396048566e-01
-6.669653679934338386e-02
4.254477063422654193e-02
1.346509132872434344e-01
1.902072147483875320e-01
1.942324657891687789e-01
1.380010321486613289e-01
2.021249316481991271e-02
-1.526166628835725902e-01
-3.665875090868630504e-01
-6.016452355657985196e-01
-8.334843741515833848e-01
-1.035950651326841276e+00
-1.183706239892101886e+00
-1.254896479083497995e+00
-1.233552810543868006e+00
-1.111489179230936264e+00
-8.894954270307353639e-01
-5.776969148769620643e-01
-1.950285116869366897e-01
2.321443412365712666e-01
6.721426415535447507e-01
1.090642247366411688e+00
1.453652480048712947e+00
1.730531671281866579e+00
1.896760124247381496e+00
1.936211094788879317e+00
1.842705156226668972e+00
1.620698532837479000e+00
1.285035555090968229e+00
8.597818109122030705e-01
3.762396843081964315e-01
-1.296762578401930710e-01
-6.204673111158529597e-01
-1.060208242412620683e+00
-1.417549056849502831e+00
-1.668290663822310949e+00
-1.797304552150797763e+00
-1.799628322831596794e+00
-1.680646160524778443e+00
-1.455348714887313211e+00
-1.146752313434167281e+00
-7.836348548916063361e-01
-3.978078360867739471e-01
-2.118492557757862410e-02
3.170764750870579407e-01
5.930945448964803912e-01
7.902126083049602068e-01
9.002055271619483490e-01
9.236427901037035371e-01
8.693904489581455453e-01
7.533173662809419246e-01
5.963475670614346580e-01
4.220625081106549881e-01
2.540988687695963089e-01
1.136050723547347707e-01
1.701156026591337314e-02
-2.566325277656213849e-02
-1.180411897284820537e-02
5.360909410785385382e-02
1.586247122631102291e-01
2.856922164383996487e-01
4.136441094860593970e-01
5.200846594583810045e-01
5.839420676481498207e-01
5.879231127247889210e-01
5.206175030909230284e-01
3.780322899915488088e-01
1.643915957012188067e-01
-1.078916819597251914e-01
-4.190845031380928676e-01
-7.437721668076869852e-01
-1.053119594138853143e+00
-1.317545518498991708e+00
-1.509556691919904381e+00
-1.606470340061165292e+00
-1.592760288124621892e+00
-1.461794889739970404e+00
-1.216790116689673296e+00
-8.708737355451494633e-01
-4.462395543029042400e-01
2.754361202741353876e-02
5.159234871008271384e-01
9.822446926867490768e-01
1.390858899870253795e+00
1.710182586113079273e+00
1.915423476028006000e+00
1.990726192230322100e+00
1.930540543763198169e+00
1.740087270315501256e+00
1.434879218528104960e+00
1.039343010571466497e+00
5.846690608968093672e-01
1.060885006678472658e-01
-3.601724698920039103e-01
-7.799819279032138564e-01
-1.124154271011805317e+00
-1.370808173137726182e+00
-1.507021851389471756e+00
-1.529644536736570970e+00
-1.445203367562373442e+00
-1.268930402590221718e+00
-1.023016929125570185e+00
-7.342738880167484217e-01
-4.314312735634953655e-01
-1.423407276038511915e-01
1.086486460612549193e-01
3.028913862518958222e-01
4.290178991607923042e-01
4.837355967604921037e-01
4.717936341269931000e-01
4.051286288201830232e-01
3.012892174022223091e-01
1.813077539484188039e-01
6.724107360968670233e-02
-2.036613633922354852e-02
-6.483522341526601340e-02
-5.528361465497975968e-02
1.206730617218360231e-02
1.333424870400422013e-01
2.972818654405497973e-01
4.863057308400646761e-01
6.782751736507639517e-01
8.487757748505246891e-01
9.736990675204283407e-01
1.031864564717441590e+00
1.007418468491212860e+00
8.917643044921977902e-01
6.848239216785032557e-01
3.954904811310488433e-01
4.121221214282201617e-02
-3.532705501890657240e-01
-7.579302611240518184e-01
-1.140021341021521417e+00
-1.466979561865477732e+00
-1.709383128885410219e+00
-1.843697868063780332e+00
-1.854546231315378435e+00
-1.736281981775349204e+00
-1.493715518807028575e+00
-1.141912932532478608e+00
-7.050776787553630909e-01
-2.146091273513671682e-01
2.934909236029870638e-01
7.816316466564882104e-01
1.213794950954404595e+00
1.558559997700063704e+00
1.791717471858487620e+00
1.898238747972349261e+00
1.873425116344318075e+00
1.723138476505037930e+00
1.463100139787777199e+00
1.117330549515555660e+00
7.158816878825567942e-01
2.920782553488280309e-01
-1.204726481708461722e-01
-4.908246891817332758e-01
-7.933171464551787011e-01
-1.009643323657894332e+00
-1.130179767835079341e+00
-1.154465794333985773e+00
-1.090805003048876065e+00
-9.550446664848211142e-01
-7.686670007743563460e-01
-5.563909300808346226e-01
-3.435278815361587079e-01
-1.533561728177083305e-01
-4.773763073480367068e-03
8.954089023041880702e-02
1.242823774321857588e-01
1.018781166433680441e-01
3.202579866290653637e-02
-6.953796802870325366e-02
-1.829076744098347418e-01
-2.863238139555808193e-01
-3.586944210083949369e-01
-3.820640221184639085e-01
-3.437753665425231642e-01
-2.380990289683209971e-01
-6.715798060806689451e-02
1.589565231066056294e-01
4.229015973525576677e-01
7.015731946862892032e-01
9.682342985292945459e-01
1.195080184322895755e+00
1.355994626847457196e+00
1.429229083621066820e+00
1.399740886488646252e+00
1.260956077570314138e+00
1.015775015384315472e+00
6.767093242672709286e-01
2.651204940670963683e-01
-1.903843202615398134e-01
-6.562631387669939365e-01
-1.096852221177991193e+00
-1.477427609115374629e+00
-1.767235768575714072e+00
-1.942214557291420451e+00
-1.987152611987744733e+00
-1.897085924737284879e+00
-1.677800121481522577e+00
-1.345389215124948024e+00
-9.249086293713751905e-01
-4.482438678736866411e-01
4.861155014831917281e-02
5.286211636198268060e-01
9.568350571707832097e-01
1.303300408203759808e+00
1.545491492604745387e+00
1.670043697140520589e+00
1.673642201458600542e+00
1.562995756500723310e+00
1.353911799631627888e+00
1.069572854962643316e+00
7.381878391189522493e-01
3.902485776999577993e-01
5.565622846716578725e-02
-2.390087567253072476e-01
-4.728167340557251075e-01
-6.322042506837839415e-01
-7.119217965427808714e-01
-7.151370900291184052e-01
-6.526999495603836854e-01
-5.416564728985494570e-01
-4.031728143389479158e-01
-2.600853321790770889e-01
-1.343288626824461207e-01
-4.450503998945436884e-02
-3.837009981826521293e-03
-1.871715908385881283e-02
-8.799451378511495558e-02
-2.030741389456459378e-01
-3.488194379756356933e-01
-5.051676882732180074e-01
-6.492973020076914237e-01
-7.581292144300193492e-01
-8.109099763843041764e-01
-7.916140162275659975e-01
-6.909181996699516048e-01
-5.075418185539528615e-01
-2.488056844771253662e-01
6.966070499367661706e-02
4.250521595046000689e-01
7.892668583540402016e-01
1.131363514700913786e+00
1.420370421119400151e+00
1.628183227704190550e+00
1.732276369454588405e+00
1.717967400508759290e+00
1.580012874117798338e+00
1.323375190752022368e+00
9.630763241921492801e-01
5.231393100873037438e-01
3.470379546310740915e-02
-4.665203098119479197e-01
-9.432343666173772512e-01
-1.359699390595236590e+00
-1.684766368731471564e+00
-1.894513659824862639e+00
-1.974252435849198406e+00
-1.919719303505265318e+00
-1.737350319605031057e+00
-1.443615493448083598e+00
-1.063479540137755475e+00
-6.281349336365956715e-01
-1.722196458018421805e-01
2.692218782269400479e-01
6.637542656111837802e-01
9.842677831494885954e-01
1.211151051962703118e+00
1.333728525697108314e+00
1.350842520384640366e+00
1.270541583803709740e+00
1.108921955258773906e+00
8.882486724747046258e-01
6.345499317122654803e-01
3.749262495574806620e-01
1.348403138298264192e-01
-6.434806792390211638e-02
-2.073645361134338616e-01
-2.863327097869041715e-01
-3.012968486496337417e-01
-2.599137902994032023e-01
-1.763558316278587002e-01
-6.954426765124176180e-02
3.910071654859866019e-02
1.281605854615429363e-01
1.787117559586187121e-01
1.765549713948783850e-01
1.139503563425365851e-01
-9.323175274380500477e-03
-1.856984328015327534e-01
-4.003761358705845153e-01
-6.326601839874670397e-01
-8.579472716722748027e-01
-1.050179800185440548e+00
-1.184523061192521265e+00
-1.240002771820549965e+00
-1.201839747734426922e+00
-1.063244866722530491e+00
-8.264870775086154975e-01
-5.031153749544331477e-01
-1.132959163413252840e-01
3.156898692119309291e-01
7.516593404557591063e-01
1.160258530645049024e+00
1.507960211101247339e+00
1.765054365661728353e+00
1.908353178403486838e+00
1.923356808433567711e+00
1.805674509166318664e+00
1.561563550405585143e+00
1.207529546331272963e+00
7.690185352141457598e-01
2.783153068516583395e-01
-2.281639231272677426e-01
-7.129402968210577507e-01
-1.140625072967086817e+00
-1.480871538521880026e+00
-1.710860532803584189e+00
-1.817098098859474486e+00
-1.796368404508149608e+00
-1.655764130250285682e+00
-1.411802497541540857e+00
-1.088719860938722972e+00
-7.161132988103107166e-01
-3.261567963896188083e-01
4.934311477931533491e-02
3.817754500208825341e-01
6.481741712108262110e-01
8.330656745888388448e-01
9.295513026263080292e-01
9.395370494266710448e-01
8.731056504281045072e-01
7.471090430006330774e-01
5.831337906734206378e-01
4.050513299517691235e-01
2.364031743889480897e-01
9.788488556284616338e-02
5.180468949517952684e-03
-3.263785307979956418e-02
-1.398715410310419523e-02
5.515587227962275713e-02
1.619952732482127233e-01
2.883891942081656667e-01
4.129050793510682937e-01
5.132469892133636469e-01
5.688073584892320289e-01
5.630819194566961672e-01
4.856986419554126244e-01
3.338482665308937780e-01
1.129618217567944921e-01
-1.634461430512053060e-01
-4.747680926273764590e-01
-7.950449756621509323e-01
-1.095300942890693685e+00
-1.346253526390992716e+00
-1.521142040635349080e+00
-1.598402082864010865e+00
-1.563925265947871956e+00
-1.412679771116471139e+00
-1.149525596354352919e+00
-7.891330275641496028e-01
-3.549968155882456400e-01
1.223761691056024781e-01
6.079495350458216096e-01
1.065089746267205095e+00
1.458684041943528742e+00
1.758160574667286369e+00
1.940134905728241765e+00
1.990440371575341372e+00
1.905356020871172174e+00
1.691919542286611788e+00
1.367296916640081905e+00
9.572674823822159285e-01
4.939644992918312272e-01
1.307946067932901427e-02
-4.492130705103400956e-01
-8.593289806150945509e-01
-1.189067429251378538e+00
-1.417872141420654541e+00
-1.534361927593217878e+00
-1.537001198028935978e+00
-1.433862941106736733e+00
-1.241522229362939100e+00
-9.831996480065885446e-01
-6.863433889724405157e-01
-3.798895698773870899e-01
-9.146786724976978256e-02
1.551787109735550951e-01
3.423151739961105555e-01
4.596797323392133872e-01
5.051616658658981684e-01
4.846390650274429723e-01
4.110065552853381932e-01
3.025025666193290053e-01
1.805140012370193003e-01
6.708668760293001743e-02
-1.760207655850509409e-02
-5.754996128523098831e-02
-4.277896022226453099e-02
2.946228854014091778e-02
1.542683390669614407e-01
3.194668285325993895e-01
5.067942343778361058e-01
6.937443762447427220e-01
8.559084738507652945e-01
9.695750414594337396e-01
1.014329888404762903e+00
9.753938135848346791e-01
8.454585937326231093e-01
6.258284486487413201e-01
3.267399139401285235e-01
-3.318830951634524351e-02
-4.283399675768855275e-01
-8.282034972628575797e-01
-1.200004377881599860e+00
-1.511626793363231025e+00
-1.734553174532586173e+00
-1.846545242212989768e+00
-1.833811515804449233e+00
-1.692451977328585544e+00
-1.429036442159677733e+00
-1.060253004962618206e+00
-6.116491762429653312e-01
-1.155728450725580225e-01
3.915050113246464347e-01
8.720459963261026903e-01
1.290602849086563753e+00
1.616795503992957572e+00
1.827836058584510592e+00
1.910375935286171556e+00
1.861511535800141059e+00
1.688862867519537847e+00
1.409725569860270644e+00
1.049382358082870281e+00
6.387370532207160556e-01
2.114958164187435430e-01
-1.988398001213085853e-01
-5.618885349612728897e-01
-8.529459938306801492e-01
-1.054951117764438395e+00
-1.159689969270571996e+00
-1.168138607634444881e+00
-1.089929905360485618e+00
-9.420129844137151709e-01
-7.466504897021106757e-01
-5.289608615561987026e-01
-3.142542388741804138e-01
-1.254277284126425474e-01
1.932302010067745920e-02
1.082527212918708986e-01
1.371079214735435592e-01
1.093645090017551225e-01
3.564528057519664866e-02
-6.761663096203504586e-02
-1.801275784114456657e-01
-2.800945212316783284e-01
-3.467544029272515149e-01
-3.628116260946709914e-01
-3.165320080655695811e-01
-2.032749907526807398e-01
-2.630089712810744496e-02
2.032386497433039951e-01
4.671383145930979031e-01
7.417335460554879134e-01
1.000105066314595614e+00
1.214684477323324074e+00
1.360010079942509442e+00
1.415364084686974833e+00
1.367030442980071925e+00
1.209945906272385185e+00
9.485725450416021554e-01
5.968925970271643511e-01
1.775092770257974129e-01
-2.800778138369038328e-01
-7.418749182412718302e-01
-1.172260578914877671e+00
-1.537057050839144345e+00
-1.806525789975845342e+00
-1.958010928118700367e+00
-1.977985470892981379e+00
-1.863308981449225410e+00
-1.621577683361969724e+00
-1.270531447100803346e+00
-8.365691422841950997e-01
-3.525061321958574689e-01
1.452225082253771338e-01
6.196587359549767804e-01
1.036437037367729186e+00
1.366636925349976828e+00
1.589116483660362178e+00
1.692120658407668676e+00
1.674026740777103450e+00
1.543170759286337068e+00
1.316784566203726303e+00
1.019156088089539169e+00
6.791966867373506744e-01
3.276531082352565627e-01
-5.767917927487053315e-03
-2.950895250292266958e-01
-5.203173181657445578e-01
-6.690481786436067724e-01
-7.372932489411153645e-01
-7.294507697150985903e-01
-6.574477151869805303e-01
-5.391499788812207372e-01
-3.962114031636639333e-01
-2.515854408258298980e-01
-1.269545663322569629e-01
-4.033875384087078769e-02
-4.124881379381730405e-03
-2.371576325110462749e-02
-9.693490704202174790e-02
-2.142471699755247871e-01
-3.597736721475784383e-01
-5.129996022377650844e-01
-6.510037137049081712e-01
-7.509851906419290346e-01
-7.928323810311399544e-01
-7.614717484512735224e-01
-6.487549559890898321e-01
-4.546854520284362433e-01
-1.878491415924163910e-01
1.350093597608200413e-01
4.902401811312272484e-01
8.492651756872204860e-01
1.181100389513692228e+00
1.455190752338344939e+00
1.644290521653374526e+00
1.727115157470149986e+00
1.690508689011417598e+00
1.530913634568909831e+00
1.254994164920104405e+00
8.793414853007465171e-01
4.292759579040543172e-01
-6.315481147884090263e-02
-5.618068911977868174e-01
-1.029465220391649227e+00
-1.430990480125704289e+00
-1.736302606940364202e+00
-1.922930162778335506e+00
-1.977894385080449124e+00
-1.898757995587387226e+00
-1.693745971841710052e+00
-1.380931201863532243e+00
-9.865641584803561681e-01
-5.427043130670502480e-01
-8.437456065048980214e-02
3.534975107830387597e-01
7.390700601277246928e-01
1.046236605581706947e+00
1.256696758199180808e+00
1.361266705460260296e+00
1.360321465723679069e+00
1.263343978557597724e+00
1.087640834901056008e+00
8.563627926672144897e-01
5.960327157022445865e-01
3.338281173974890215e-01
9.488591934227751101e-02
-1.001084856619066515e-01
-2.368165832719073272e-01
-3.084482123018761901e-01
-3.161608357970210337e-01
-2.686283554104995086e-01
-1.808336014621604315e-01
-7.221531402331113347e-02
3.563603409069343586e-02
1.214949931829911733e-01
1.669712519940977635e-01
1.586788311609101387e-01
8.988009757732831617e-02
-3.856747408035444274e-02
-2.180646017553509175e-01
-4.329467615505752653e-01
-6.619250256137040322e-01
-8.801554075768266427e-01
-1.061737105903392875e+00
-1.182395384573743824e+00
-1.222083797099218216e+00
-1.167245194227269689e+00
-1.012501123423867666e+00
-7.615920373278278754e-01
-4.274611932234744227e-01
-3.145654191517199133e-02
3.982905096284778956e-01
8.291709358815283482e-01
1.226882975146977195e+00
1.558442568613993329e+00
1.795141709640779348e+00
1.915179090977085830e+00
1.905715587292017732e+00
1.764158805935358121e+00
1.498551359518412562e+00
1.127020044569617907e+00
6.763299708912607899e-01
1.796706717644892259e-01
-3.261275109679376838e-01
-8.036956714003328228e-01
-1.218266770802615584e+00
-1.540570686583166982e+00
-1.749223683421506914e+00
-1.832399748331688283e+00
-1.788638596743074238e+00
-1.626725847951325798e+00
-1.364667228965652512e+00
-1.027862516089094846e+00
-6.466583410628424788e-01
-2.535150633858478386e-01
1.199435972373031067e-01
4.457216369013017876e-01
7.018244539146100136e-01
8.739998576369859551e-01
9.566940809312780569e-01
9.531474738070199182e-01
8.746381250860552070e-01
7.389637421367990511e-01
5.683248272834934278e-01
3.868285624345016438e-01
2.178674847751439214e-01
8.163674807939617917e-02
-6.962323724837928690e-03
-3.982491681632371189e-02
-1.640455869005249048e-02
5.633836380639897778e-02
1.647923175568717091e-01
2.902649756770466771e-01
4.111070025080400536e-01
5.051723360272823982e-01
5.523636431319001172e-01
5.370019558232774770e-01
4.497755381008778364e-01
2.890632782090951092e-01
6.148849253206036675e-02
-2.183658706765589375e-01
-5.290672833911539419e-01
-8.441739682141919943e-01
-1.134637549411361412e+00
-1.371542857998659493e+00
-1.528923905338307465e+00
-1.586384185682595760e+00
-1.531264761779794981e+00
-1.360143700419405244e+00
-1.079511638618724234e+00
-7.055448201152884069e-01
-2.629815996871130990e-01
2.168068757173621519e-01
6.983844105057142038e-01
1.145227195451413493e+00
1.522842109233599528e+00
1.801742090463376300e+00
1.960006428177125226e+00
1.985191043233011321e+00
1.875413170134567098e+00
1.639510726178059929e+00
1.296261925420370442e+00
8.727373174260336652e-01
4.019362353616138805e-01
-8.007489510523353726e-02
-5.372599594654389188e-01
-9.366635632154365343e-01
-1.251138004984748475e+00
-1.461502515393727331e+00
-1.557945353201732663e+00
-1.540551705075168254e+00
-1.418923224229656999e+00
-1.210940552860690245e+00
-9.408001650010463512e-01
-6.365237545673035902e-01
-3.271858694611523011e-01
-4.012912641850813894e-02
2.015659991810802576e-01
3.811177637497039083e-01
4.893978176426419524e-01
5.254841511740869775e-01
4.963721442405148454e-01
4.158864887964122681e-01
3.029149996330625094e-01
1.791513017914760919e-01
6.658071643362800662e-02
-1.503218876200546582e-02
-5.039726040550961822e-02
-3.046315909286172532e-02
4.648864193533459865e-02
1.745342147716059389e-01
3.406173708446699755e-01
5.258330600214274897e-01
7.073596150644144709e-01
8.608497333013102049e-01
9.630427668938625896e-01
9.943366725306171938e-01
9.410592936181839674e-01
7.972054878338277195e-01
5.654564751529118638e-01
2.573659374644634568e-01
-1.073226601744183828e-01
-5.021790041387450554e-01
-8.962805263719068050e-01
-1.256901703995003228e+00
-1.552451106786281176e+00
-1.755382484363894324e+00
-1.844805372712807978e+00
-1.808546035465115942e+00
-1.644458747546918120e+00
-1.360855899063330376e+00
-9.760067140391959217e-01
-5.167408686713772514e-01
-1.627677333043079863e-02
4.885331620056464486e-01
9.602932160654034099e-01
1.364212209366237216e+00
1.671024047651545219e+00
1.859417390044041163e+00
1.917756409076131652e+00
1.844940460336274457e+00
1.650330416157577140e+00
1.352755877972750653e+00
9.787022934278004627e-01
5.598521644020858501e-01
1.302129700238195964e-01
-2.768993213115633067e-01
-6.317415573365187109e-01
-9.106256453759189462e-01
-1.097778385485985719e+00
-1.186416914412101731e+00
-1.178954035689861346e+00
-1.086331494177077639e+00
-9.265625145902937065e-01
-7.226396910395507245e-01
-5.000234584500448110e-01
-2.839642922572062078e-01
-9.692492481081713129e-02
4.364391333365934267e-02
1.269580684802925075e-01
1.498268948185457194e-01
1.167679033810884309e-01
3.930576253086943972e-02
-6.546642613184958104e-02
-1.769122638572288297e-01
-2.732539483281896664e-01
-3.341036555590598534e-01
-3.428639208718029519e-01
-2.887490044034908276e-01
-1.682162029314167861e-01
1.434602429424344967e-02
2.467530198370379291e-01
5.099804386521848976e-01
7.798590066058184167e-01
1.029350128240563267e+00
1.231185738767867299e+00
1.360617302076567725e+00
1.398004911060126254e+00
1.330989525240791282e+00
1.156028454702743513e+00
8.791328281769648090e-01
5.157204398899249975e-01
8.958096770291822109e-02
-3.689648757148579206e-01
-8.255532466564323713e-01
-1.244690221125903884e+00
-1.592825809963018369e+00
-1.841307217578650013e+00
-1.968938588043095184e+00
-1.963909193846871126e+00
-1.824909272288326445e+00
-1.561327142700782211e+00
-1.192505843694516843e+00
-7.461243369353520727e-01
-2.558491406586147487e-01
2.415305451326598685e-01
7.092239147387020548e-01
1.113532676361616458e+00
1.426638724614309073e+00
1.628835665327386106e+00
1.710007531287099702e+00
1.670229239973027413e+00
1.519445938054306389e+00
1.276274494559553885e+00
9.660518728553116885e-01
6.183242243630053814e-01
2.640207987183442184e-01
-6.741652966723699070e-02
-3.506765812369878055e-01
-5.667486604574275555e-01
-7.044209485777436219e-01
-7.609767176618152940e-01
-7.420366975278457344e-01
-6.605793952989753581e-01
-5.352509195354505644e-01
-3.881442104889443745e-01
-2.422779599136187234e-01
-1.190331051928686656e-01
-3.580700342379228296e-02
-4.122092198684598231e-03
-2.837935675355764131e-02
-1.053818229626986014e-01
-2.246759572759752244e-01
-3.696768361770302880e-01
-5.194642596017935432e-01
-6.510693137925510632e-01
-7.420208630998317290e-01
-7.728939853833586282e-01
-7.296001977112510639e-01
-6.051827350041445452e-01
-4.009269516314782900e-01
-1.266616509589283956e-01
1.997944974090857806e-01
5.540038651822727367e-01
9.069800698020521468e-01
1.227769793140257137e+00
1.486306448067205022e+00
1.656266530098221557e+00
1.717655734936852863e+00
1.658874306213065752e+00
1.478057594788775964e+00
1.183554136090399833e+00
7.934834496645822854e-01
3.344016835460128512e-01
-1.608129835218403414e-01
-6.556695736324926749e-01
-1.113125990627641837e+00
-1.498726918442851996e+00
-1.783533461824428956e+00
-1.946578443597547281e+00
-1.976624593408955688e+00
-1.873067046038581207e+00
-1.645900562639819542e+00
-1.314758240215392116e+00
-9.071140331606808438e-01
-4.558181075773303781e-01
3.805333576027328853e-03
4.370292591698164419e-01
8.126820636255159824e-01
1.105723933205981391e+00
1.299210657395108104e+00
1.385473955451945738e+00
1.366422828373081710e+00
1.252954340451957860e+00
1.063546550755223530e+00
8.221830085086238027e-01
5.558200100435185531e-01
2.916488544613836664e-01
5.442180585231139178e-02
-1.358990810119619641e-01
-2.659456336662663900e-01
-3.300311298908161217e-01
-3.304251901725412943e-01
-2.768004129388376700e-01
-1.849172242047095738e-01
-7.468855570868006277e-02
3.217309424441312099e-02
1.146828293433849177e-01
1.550245864256342143e-01
1.406551505783865119e-01
6.585335238181737327e-02
-6.744797281400284616e-02
-2.496383692444332503e-01
-4.642250890355879567e-01
-6.893761101254570756e-01
-9.000643698007767535e-01
-1.070605510918620329e+00
-1.177340215591443418e+00
-1.201195078717043785e+00
-1.129864723596407217e+00
-9.593917602527810562e-01
-6.949770789316032094e-01
-3.509255691370387620e-01
5.028525716427717507e-02
4.797419631098077675e-01
9.044873191098037335e-01
1.290353585662529445e+00
1.604978217286059383e+00
1.820723113458077913e+00
1.917224736979623811e+00
1.883334481442833441e+00
1.718263655151742064e+00
1.431820223559556959e+00
1.043708174779953701e+00
5.819471465964108914e-01
8.055157925388255202e-02
-4.233225845123184672e-01
-8.925062479456263853e-01
-1.292937814609122826e+00
-1.596494501231679353e+00
-1.783280071253931398e+00
-1.843165859341841628e+00
-1.776451901876977102e+00
-1.593597126738987235e+00
-1.314054097881631966e+00
-9.643265637356021047e-01
-5.754392095911754490e-01
-1.800618724958802375e-01
1.904398875860465190e-01
5.087522576683698450e-01
7.539055193707581148e-01
9.129044236100491982e-01
9.815553786952425641e-01
9.644278173604388105e-01
8.739710299205935007e-01
7.288889291263636050e-01
5.519458528531920871e-01
3.674298581355479598e-01
1.985309453715503325e-01
6.489737672333004137e-02
-1.938673432362294363e-02
-4.720305135883113429e-02
-1.904337664160155735e-02
5.716353784850330272e-02
1.670210901143382720e-01
2.913285517482382958e-01
4.082685305911402107e-01
4.958945338823846916e-01
5.346642451490279946e-01
5.097584134727237704e-01
4.129451739915121489e-01
2.437932881892276027e-01
1.010101960226484318e-02
-2.725159515180294867e-01
-5.818514371744375469e-01
-8.910435764592510299e-01
-1.171039763101665354e+00
-1.393359648135829909e+00
-1.532892097846699109e+00
-1.570455186782976131e+00
-1.494867600832256560e+00
-1.304323502017747938e+00
-1.006926901885086600e+00
-6.203198771145004287e-01
-1.704241219869899737e-01
3.106007321818723965e-01
7.870038984294495110e-01
1.222458864927347566e+00
1.583174693273590616e+00
1.840819584710958301e+00
1.974988912200235758e+00
1.974990901615451211e+00
1.840785494640120978e+00
1.582989781508811422e+00
1.221949418991179703e+00
7.859615348850804706e-01
3.088126459704593763e-01
-1.731422693051736794e-01
-6.240920828167048073e-01
-1.011789585056405150e+00
-1.310206128828845573e+00
-1.501583664119141570e+00
-1.577705034789513183e+00
-1.540277941342313994e+00
-1.400411853942650664e+00
-1.177252384623893144e+00
-8.959160921234045061e-01
-5.849329634881919038e-01
-2.734478406231314884e-01
1.154825846883863853e-02
2.476923858357368835e-01
4.191966879817969338e-01
5.180893195033450249e-01
5.446411047646397829e-01
5.069504945246123828e-01
4.197421489778345727e-01
3.025113361500207376e-01
1.772098347847327338e-01
6.571305199479646197e-02
-1.267161675963328869e-02
-4.340046683794814703e-02
-1.836885628006939067e-02
6.310563378531230949e-02
1.940947738529975319e-01
3.606889758187172834e-01
5.433853338416967382e-01
7.190991093072647278e-01
8.636000768190091881e-01
9.541311478884143549e-01
9.719463151791626343e-01
9.045102825832090909e-01
7.471327507992364669e-01
5.038633521022586326e-01
1.875436328304856126e-01
-1.810064659621594130e-01
-5.746062636759770026e-01
-9.619960720493081485e-01
-1.310577085591045465e+00
-1.589356891656112714e+00
-1.771825257994668057e+00
-1.838488180255316129e+00
-1.778817439641694476e+00
-1.592425463997784396e+00
-1.289346203774253574e+00
-8.893853593483594944e-01
-4.205898261523372539e-01
8.303153299032317580e-02
5.843335235095498126e-01
1.046152994228308986e+00
1.434438522744656552e+00
1.721108514437347026e+00
1.886379800523063865e+00
1.920357898046967549e+00
1.823748627625323415e+00
1.607632289799457936e+00
1.292328369535152399e+00
9.054625722805389465e-01
4.794209872530700856e-01
4.843146219378859779e-02
-3.544553058584573035e-01
-7.002058842645328962e-01
-9.662061232254252063e-01
-1.138009911333026203e+00
-1.210283667093400517e+00
-1.186873550410587397e+00
-1.080006666839318008e+00
-9.087200381831727070e-01
-6.966839337027118662e-01
-4.696423607474319306e-01
-2.527277854116335432e-01
-6.791630272406218305e-02
6.812725954475076784e-02
1.456057035007883305e-01
1.623996620184701978e-01
1.240590779994702741e-01
4.298522574730063994e-02
-6.310686366304610329e-02
-1.732841884648662345e-01
-2.658329030718716846e-01
-3.207858660024629494e-01
-3.222803956795645131e-01
-2.605023994156772105e-01
-1.330135163888017391e-01
5.468142698107616301e-02
2.893943891233427546e-01
5.513272617251188112e-01
8.158628933591045573e-01
1.055906475426398483e+00
1.244553465132680836e+00
1.357825349959947081e+00
1.377204616726233954e+00
1.291716366497247970e+00
1.099344698764556760e+00
8.076334834475500379e-01
4.333976401910560883e-01
1.555281175930479758e-03
-4.568249917286459905e-01
-9.070917487086826991e-01
-1.313963473350374223e+00
-1.644597910584317813e+00
-1.871496121862405992e+00
-1.974972466612925359e+00
-1.944960242816210938e+00
-1.781983058471718007e+00
-1.497198516197690621e+00
-1.111506275331900717e+00
-6.537989486855750876e-01
-1.585134401997709830e-01
3.372952354821149856e-01
7.970919652237741237e-01
1.187926940275468857e+00
1.483151881223285784e+00
1.664544224812754658e+00
1.723652714369737105e+00
1.662251349114826082e+00
1.491872367064271065e+00
1.232474901957801405e+00
9.103860143461591781e-01
5.557173836783603216e-01
1.995078019125124114e-01
-1.291356278206606811e-01
-4.056280542892505836e-01
-6.119887107278534355e-01
-7.382253182160741778e-01
-7.829018190765349994e-01
-7.528505562650554817e-01
-6.620734807863118965e-01
-5.299554814207296793e-01
-3.789789286270430768e-01
-2.321756753396335693e-01
-1.105765657463931573e-01
-3.091673981914083366e-02
-3.827935370937341365e-03
-3.269928089089770701e-02
-1.133206295625154292e-01
-2.343439101929767343e-01
-3.785159423618001395e-01
-5.245586923739447016e-01
-6.495076040995951816e-01
-7.312718222704954751e-01
-7.511564413315836575e-01
-6.960887283958335781e-01
-5.603174829124691891e-01
-3.464047446604155422e-01
-6.539716367332311375e-02
2.638560415407769644e-01
6.161881620974908325e-01
9.622735214626940703e-01
1.271262554364539055e+00
1.513647739962841632e+00
1.664089163695570583e+00
1.703928831787730802e+00
1.623149192134279994e+00
1.421581239803847208e+00
1.109236450373338290e+00
7.057181074114750041e-01
2.387536784704243631e-01
-2.580274234642201403e-01
-7.478749461812294053e-01
-1.194008699814715690e+00
-1.562740045084867857e+00
-1.826340720026697451e+00
-1.965398246059703480e+00
-1.970444083969567606e+00
-1.842707671054174101e+00
-1.593930150055022699e+00
-1.245258384916059002e+00
-8.253245582907053901e-01
-3.676912757772373697e-01
9.210035832086417573e-02
5.196071669449319197e-01
8.844029602276677338e-01
1.162575534166782498e+00
1.338578868322533699e+00
1.406280437879427803e+00
1.369120867054543611e+00
1.239387697993594939e+00
1.036688744840358778e+00
7.857853683188734673e-01
5.140049359550399322e-01
2.484891719669555521e-01
1.354757387231452989e-02
-1.716284862454587057e-01
-2.946735095189653153e-01
-3.510189432268103760e-01
-3.440429945112726817e-01
-2.843963131980530301e-01
-1.885822016757293940e-01
-7.694343608898807085e-02
2.873401461220229103e-02
1.077527417419395089e-01
1.429106136573624064e-01
1.225347653862225161e-01
4.193242123692284690e-02
-9.589383845511059712e-02
-2.803455575950273282e-01
-4.941406059318812494e-01
-7.149547540931888712e-01
-9.176357823069359876e-01
-1.076774812759291322e+00
-1.169381857732680663e+00
-1.177399403752755536e+00
-1.089800596216728756e+00
-9.040561380860001606e-01
-6.268128595113083845e-01
-2.737014758398367276e-01
1.317257814649425429e-01
5.598431670251270420e-01
9.774241651163131372e-01
1.350516467317121716e+00
1.647455822116943081e+00
1.841739310191542911e+00
1.914488938789536965e+00
1.856272345752413289e+00
1.668105549921532038e+00
1.361537642236312795e+00
9.578020293069626767e-01
4.861053246661193317e-01
-1.879494268667826831e-02
-5.195065439349959568e-01
-9.791495836964995148e-01
-1.364449974445192781e+00
-1.648500289873738422e+00
-1.812940316340734936e+00
-1.849364080435856650e+00
-1.759832490641690228e+00
-1.556454123526116451e+00
-1.260083205279115770e+00
-8.982653016464882123e-01
-5.026299466657154769e-01
-1.059789580287675975e-01
2.606551051715301770e-01
5.707063155365424967e-01
8.042809479391649363e-01
9.496733215230585001e-01
1.004062138583986297e+00
9.733375240249469984e-01
8.710930467033493052e-01
7.168970874113579361e-01
5.340263251891531615e-01
3.468943102508375009e-01
1.784353181538704536e-01
4.770540461752689060e-02
-3.206125959122407831e-02
-5.474969210495363170e-02
-2.188947341307743294e-02
5.763976948818984314e-02
1.686886223755365288e-01
2.915911395712917908e-01
4.044109314175389214e-01
4.854502624543552414e-01
5.157653040280987256e-01
4.814289363648733278e-01
3.753062470081742763e-01
1.981548647803030860e-01
-4.107201702835500817e-02
-3.257639799735897457e-01
-6.329942157960647409e-01
-9.355442924462182841e-01
-1.204425560377064164e+00
-1.411658874967670396e+00
-1.533045999879887322e+00
-1.550663324628187345e+00
-1.454831780460459800e+00
-1.245363976232753078e+00
-9.319562020490349541e-01
-5.336727791170045032e-01
-7.755569853178659323e-02
4.035245456581859069e-01
8.735884842010096518e-01
1.296593949074724916e+00
1.639533002257646865e+00
1.875296781175029182e+00
1.985045438702272458e+00
1.959865005244133762e+00
1.801558215237422766e+00
1.522495991089252820e+00
1.144542859205566865e+00
6.971549196386264136e-01
2.148250541555876691e-01
-2.658903280478766562e-01
-7.094911416629787748e-01
-1.084516191788525763e+00
-1.366119178163711645e+00
-1.538008626481800256e+00
-1.593583319853717484e+00
-1.536171341187339445e+00
-1.378365511486371320e+00
-1.140532748850105360e+00
-8.486516259742321600e-01
-5.316939060511487458e-01
-2.188063051413477456e-01
6.343558841368704404e-02
2.934397758646637988e-01
4.564507040373138036e-01
5.456734666201787931e-01
5.625731118315737689e-01
5.163343976523921963e-01
4.225497619008479200e-01
3.012785634196430973e-01
1.746815295408141455e-01
6.447495066884278980e-02
-1.053439458865655133e-02
-3.658186443315224884e-02
-6.527431158665526235e-03
7.927425725470985118e-02
2.129070844996645284e-01
3.796403699363215534e-01
5.594183106118034710e-01
7.289460236163547435e-01
8.641655948281626864e-01
9.428749624502525961e-01
9.472259838221250838e-01
8.658473435983347066e-01
6.953722583104580135e-01
4.412069936461298081e-01
1.174486994049721567e-01
-2.540569578395923678e-01
-6.454443020728866109e-01
-1.025191104524041608e+00
-1.360902592522406307e+00
-1.622258484074698082e+00
-1.783846718530988751e+00
-1.827615006706949874e+00
-1.744704454209611511e+00
-1.536485281840672013e+00
-1.214687866195621524e+00
-8.006060626642476086e-01
-3.234361396768561381e-01
1.821045337856594393e-01
6.786673147186821353e-01
1.129410950379608813e+00
1.501105673785633643e+00
1.766922077926915025e+00
1.908653112780816397e+00
1.918170055985009448e+00
1.797984362297255112e+00
1.560870178847276746e+00
1.228589186407370137e+00
8.298420860965365353e-01
3.976417036648858816e-01
-3.364530755966844283e-02
-4.313126699041001655e-01
-7.671066813069926660e-01
-1.019542302078158214e+00
-1.175536648817549157e+00
-1.231220229303947145e+00
-1.191865785706004655e+00
-1.070959210709907072e+00
